237649047: 872 71 84 3 11 1 2 8 46
2201728328: 63 5 8 511 10 2 8 99 7
35784: 9 1 550 162 7
1520117759425: 8 220 7 578 79 86 28
14037417: 799 2 122 8 8 9 9
2089710273: 1 2 2 2 24 7 7 21 93 27 4
92191: 8 1 77 763 91
31902329903: 8 1 8 39 253 76 844 61
20: 4 7 2 4 5
14504: 108 7 6 20 698 6
766: 55 23 6 79 556 7 40
112158691398: 7 71 1 4 1 732 6 94 4 6
1248: 3 2 39
324066: 16 4 3 54 65
19734400: 80 881 280
196940163: 518 6 87 864 5
1946286158: 39 84 576 9 66 13
37721766: 4 2 2 8 4 9 474 7 1 4 686
85450: 6 1 5 20 7 7
30351821987: 6 62 7 1 2 91 8 59 748 8
